{"cells":[{"cell_type":"code","execution_count":null,"metadata":{"colab":{"base_uri":"https://localhost:8080/"},"id":"PBbD0nyPsuov","outputId":"afd13ee4-05f6-4fdf-9087-fb946226270d","executionInfo":{"status":"ok","timestamp":1713116691266,"user_tz":-330,"elapsed":16,"user":{"displayName":"Pratik Mehakare","userId":"09137431865528199563"}}},"outputs":[{"output_type":"stream","name":"stdout","text":["nvcc: NVIDIA (R) Cuda compiler driver\n","Copyright (c) 2005-2023 NVIDIA Corporation\n","Built on Tue_Aug_15_22:02:13_PDT_2023\n","Cuda compilation tools, release 12.2, V12.2.140\n","Build cuda_12.2.r12.2/compiler.33191640_0\n"]}],"source":["\n","#HPC LAB Assignment No. 04(b)\n","# Write a CUDA Program for :\n","# . Matrix Multiplication using CUDA C\n","\n","\n","!nvcc --version"]},{"cell_type":"code","execution_count":null,"metadata":{"colab":{"base_uri":"https://localhost:8080/"},"id":"PH8jQ6Qis7L3","outputId":"b38e39bc-59ee-481c-bda2-44cb16a43df5","executionInfo":{"status":"ok","timestamp":1713116699885,"user_tz":-330,"elapsed":5049,"user":{"displayName":"Pratik Mehakare","userId":"09137431865528199563"}}},"outputs":[{"output_type":"stream","name":"stdout","text":["285 735 1185 1635 2085 2535 2985 3435 3885 4335 \n","735 2185 3635 5085 6535 7985 9435 10885 12335 13785 \n","1185 3635 6085 8535 10985 13435 15885 18335 20785 23235 \n","1635 5085 8535 11985 15435 18885 22335 25785 29235 32685 \n","2085 6535 10985 15435 19885 24335 28785 33235 37685 42135 \n","2535 7985 13435 18885 24335 29785 35235 40685 46135 51585 \n","2985 9435 15885 22335 28785 35235 41685 48135 54585 61035 \n","3435 10885 18335 25785 33235 40685 48135 55585 63035 70485 \n","3885 12335 20785 29235 37685 46135 54585 63035 71485 79935 \n","4335 13785 23235 32685 42135 51585 61035 70485 79935 89385 \n"]}],"source":["# Define the CUDA code as a string\n","cuda_code = \"\"\"\n","#include <iostream>\n","#include <cuda_runtime.h>\n","using namespace std;\n","\n","\n","__global__ void matmul(int* A, int* B, int* C, int N) {\n","    int Row = blockIdx.y * blockDim.y + threadIdx.y;\n","    int Col = blockIdx.x * blockDim.x + threadIdx.x;\n","    if (Row < N && Col < N) {\n","        int Pvalue = 0;\n","        for (int k = 0; k < N; k++) {\n","            Pvalue += A[Row * N + k] * B[k * N + Col];\n","        }\n","        C[Row * N + Col] = Pvalue;\n","    }\n","}\n","\n","int main() {\n","    int N = 10;\n","    int size = N * N * sizeof(int);\n","    int* A, * B, * C;\n","    int* dev_A, * dev_B, * dev_C;\n","    cudaMallocHost(&A, size);\n","    cudaMallocHost(&B, size);\n","    cudaMallocHost(&C, size);\n","    cudaMalloc(&dev_A, size);\n","    cudaMalloc(&dev_B, size);\n","    cudaMalloc(&dev_C, size);\n","    // Initialize matrices A and B\n","    for (int i = 0; i < N; i++) {\n","        for (int j = 0; j < N; j++) {\n","            A[i * N + j] = i * N + j;\n","            B[i * N + j] = j * N + i;\n","        }\n","    }\n","    cudaMemcpy(dev_A, A, size, cudaMemcpyHostToDevice);\n","    cudaMemcpy(dev_B, B, size, cudaMemcpyHostToDevice);\n","    dim3 dimBlock(16, 16);\n","    dim3 dimGrid((N + dimBlock.x - 1) / dimBlock.x, (N + dimBlock.y - 1) / dimBlock.y);\n","    matmul<<<dimGrid, dimBlock>>>(dev_A, dev_B, dev_C, N);\n","    cudaDeviceSynchronize(); // Ensure kernel execution is complete\n","    cudaMemcpy(C, dev_C, size, cudaMemcpyDeviceToHost);\n","   // Print the result\n","for (int i = 0; i < 10; i++) {\n","    for (int j = 0; j < 10; j++) {\n","        std::cout << C[i * N + j] << \" \";\n","    }\n","    std::cout << std::endl;\n","}\n","\n","\n","    // Free memory\n","    cudaFree(dev_A);\n","    cudaFree(dev_B);\n","    cudaFree(dev_C);\n","    cudaFreeHost(A);\n","    cudaFreeHost(B);\n","    cudaFreeHost(C);\n","    return 0;\n","}\n","\"\"\"\n","\n","# Write the CUDA code to a file\n","with open('cuda_code.cu', 'w') as f:\n","    f.write(cuda_code)\n","\n","# Compile the CUDA code\n","!nvcc -o cuda_program cuda_code.cu\n","\n","# Execute the compiled program\n","!./cuda_program\n"]},{"cell_type":"code","execution_count":null,"metadata":{"id":"AQrGQfNztQa-"},"outputs":[],"source":["#hpc3/properties/c++ Build/setting/gcc c++ compiler/preprocessor/-fopennp/apply and close"]}],"metadata":{"accelerator":"GPU","colab":{"gpuType":"T4","provenance":[]},"kernelspec":{"display_name":"Python 3","name":"python3"},"language_info":{"name":"python"}},"nbformat":4,"nbformat_minor":0}